1111 5115555555555555515551511155115115151551115111551

55551,555555515151155551555555515ῗ5155155155555,5155515155
555155555555555551551555553, 5555151 Q 5555151551
1555511555 5555551555551551555555555555551151551555155551
5111111111111111111111111131111511111111111111111111111118 1111111111 18118111
551151555551551 5151 1555553511555555551515151115 5555515511
51111111111511111151111 558511111111151111111111511111151181 51151 ’ 5111111111
55551555151555555555555555155555555515555115153155511
555555555555155555555555551555551111111551555151551555151
1111181111 1511111151 ¹Q¹ 111111151118111111151 11111111111551111111111111111 ¹
555555 5555155155555555515 55155115555555155515115515555515115
5515151511 15515555 515555. 15 Q QQ 5555555555555555511
11181111151185515111111113551111551111 551111111511111-1115111111111111111181119 ¹¹
QQQQQQQQ ¹¹QQ 15511 11555555 55155 ’515 31515555555555151511515111 ‘
5555515555 555515515515555155555515555155515115515555555551 A
QQQ QQ 551555 51155 5555511555 'QQQ 555355515555515 5555555515511 ¹
(5555555555 5515555155 5155511551 5155555513 55555555 551555155555
511115111511111111511111181511111111111111155111111811155111511115111111111151111111
5555151155 15155555 1551511555 ’5555555 55551555555551555551
QQQQQQ ’5555555151 Q Q 55551 5555511555 Q 15511 5555155555
5115555551 QQQQQQQQQQ 5155551555 QQQQQQQQ
5155555555551555551555551555555 155555555555135 5555511551

55555155 115155555115553555515551 5555555555 1555 1551515155

91115181115115511111111551111511111111 11111111111131111111151115111115111111
155515155155515151115155551551555115551511511515 515515 5551551151·
55111115 11111551 1138111111 151111811111511 111118151815111111111151111111511111
eQQQQQQ ›QQQQQQQQQQQ QQQQQQQQQQQQQ ¹¹
QQQQQQ 5555511 5155555551 Q QQQQd 5551155555 51
11118111111111111111111111111ὒί111851111151131551 QQQJQQQQQQQQ 1181111111
3115111151511111151111151551155515151151155155111151151111155111
(1555511511155111511555133 QQQQQQQQQQ 3181515515511·
55111151 1115111 551111 1111511115 111115111151 1Φ515115155111115 1111111111151111
5511135 51555 55535511551115 15151 1551511111 1155155111 55515155 ’1515115151
55515555515515551515115555151555551555551515515515555515555115511
0555551515 51111155555555151515511555515555155 5115151110111 .
555555155555511555151551155555555,55555151555555555555 5515151 3
55155155 115135 3555151555 1515555515515 1555151155151 1511515511515
3151551151111111111511111555515111151 1151115511111511511111111 1151111111· ¹¹
5551515151 55115151151151511155-55515515115555151151515511515111111 ¹
spQQQ 5115515555511 5551515 5511551553 ’55551 155555111151515111115
555555555555555 555555 5515551· 55155151 1555113155 15555 1515511 1551551511
555555555151555 555555 55555155515555151 555515111555155 Q·

 

