1 ,Μὰ111111111111111111111111111111111 ¹¹¹1

ς11111111111111111111111 1111111111111 1111111111111111111 ε
-11 11111111111111111111 1111111111 111 ¹¹¹¹ss¹¹r¹¹¹¹¹¹¹qnsgegm ,1
-111 1111111111111111111111111111111111111111111111111111111 ,ᾗ

11111111111111111111111,111111111,1,1111 1111111111 1111131111 , ἶ

1111111111111111111111111111111111111111111 19111111 · ’1
111111 111111111111111111111111111111111 111111111111111111
,11 1111111111, 1 1111111111 1111111111, ¹¹¹¹L¹i¹¹¹¹¹¹¹¹¹¹¹¹0¹m¹a¹¹ ¹
¹¹ 1111111111 111111111111 1111111111 1111111111111111111111
, 111111,11111111111111111111111111111111 ¹¹ 11111111111111
,111111111111111111111111111111111111111111111111111111,
11111111111111111111111111111111111111111111111111111
Β1111111-1111111111111111 1111111111, 111 1111111111 1111111111
11111111111111111111111 111111111111111111111111
,1111111111111111111111111111111111,,111111111111111

¹¹¹¹.. 1111, 11111111 ,11111111 111) 11111, 1111111111 ,11111 1111111111
11111111,111,1111111,11111111111 1111111 1111111111111.
111111,1111111111-111111111111111111111111111111111111111 ὴ»
,111111,111111111111111111111111111111111 1111111111111111 ¹ ssf
,111111 1111111111 ¹¹¹ 1111111111 1111111111, 1111111111 ’,11111 ,1111111 11111
51111111 1111111111 111111 1111111111 01111111131111111111111111 1111111111
1111111111 1111 1111111111 11 11 11111111 1111111111, 1111111111
1111111111111111 11111 ,11111 ,1111111 111111111111111111111111111
11111111111111111111 111111, ,111 ¹¹¹¹ 111111111111111111111111111
11111111111111111111111111111,1111111111111111111111
1111111111 11 11111. 1111111111 111111, 1111111111 1111111111-
111111111111111 1111111111111111111111111111111111111111
¹¹¹¹ 111111111111211111171),[1111111111111111111111111111111111
111111 1111111111 111 1111 ,1.11111111111111 111111111111111111111,11111
1111111, 11.11.,11,11,1,1.111,1111,111,1111

1 11

1111111,111111,1,111 1111111111111111111111111111111111
11111 1111111111 111-11111111111111111111111111111111111111,

1111111111111111111 11111111 11111111111111111111111 κ .

1111113 1111111111,1111111111,1111111111-1 111411111111111111111611
1111.1111,1111,1111,Β1111111,11111 111111111111111 ¹1qu
11111111 ¹¹¹¹H¹¹¹¹¹¹¹¹ 1111111 111111111111111·,111111111111111111111111’11111
11111111111111111 1111111.111111-,1111-11111,111111111111111
111111. ,11111111111111111111111,,11ε111,11111111111111111111111
1111111111111111111,11111111111111111111111111 ¹¹1¹¹¹¹¹¹¹
1111111, 1111111111111111111111111111 1111111111111111111111111

1111111111Ι 1113111111 1111111111ῃῇ (1111101111111111111111111111111111

 

