298 Ee· ore 1199 te judicio, Votum 119911. Baumstark.

119189199139911, der 8911993 191 1193191993 19 199 Μ911199
193 (193919991991193, 111919 191099913319933119993191999119911319-
mer sbgegebenen 111111199319191319119 1919 83199; »119 1193919191·
1339131319113911911 eine Aerederuny als vielmehr 9199 19139933
193 (19391993 vom 19. 19111931 1874 11911939. Κ9199 191 Bestim·
1999399 desselben soll 3913919199 1191199.«-113381331391319911
193 (19391993 199 1874 3311 3139 eredere dem durch 1931939193191991
91999111199199 191119319199. Wenn die 1193191993 191999 (1919191311
9919 1199193139199 11131999 sende 9191 11133111991191119399 1911191
Κ1191991911119 3931199199, 39 11999 119 8139133111993193 (19391993
1991874 »313 Kamprrsstung zu jeder Zeid wieder 191191 391911
1191199111 “

8911911 19 919999119191199 Α111191 191 Κ311319191 1911993
313 191191 09991331993191911993 91111119 1191193191993191991,119
1119111919Μ111311199399191911993 193 (19391993, 119 1911919993
193 11931919933999191133113 bei der 1199193139199 89119333111993 313
91991119191191319119939918119919111, dass der 13919319911919
0919913311 3911 1853 9991 191 1391913 391199199 (19191 1331193919
19199. October 1860 991391919999) 1913911111 991 1199193139199Ρ11-
fung 91911 9939133399119119. 819 91113119, 1333 119 1119111919 Zu-
133399319181119 919 Dispens 1991 8133139131999, 3139 3991 119
1119193199 193 111311911319119193 9199 111911191919911999993191

1911991199113911139911911 193 (193919931991874191919. 819 be· ·

1991119 (9991 3919919199Μ91-11999919(1939199919911), 1333 191
1193191993399199113311191 1911199193139199 1111993 3191 919111193
19191 1131911191 1319111113- 991 (191193199999391339 191399133919,

¹ 1333119 (1391113199 119 91139199199191393911191999 31339939131111919 ’
8111993 91991199 13199, 3991919 1339 91 3991199199 3911111119199

1199193199199 Ρ111993331191199 191113919991991111131911991919, 191
19119191191199111199339993991391 991 1191 133 199 191 Prd-
fungscommission 19313931911191113919133 191 Ρ111993 dem 1119131911919
19119119, 11919193 1311191931919119, 11919191 candidat 319 1939-
313919199 191391919 391. 1191911193 were 119 81391319319199319191
11939 Κ99919133 193Ρ1111911339139191339319 191 1339, 191 191 Ver-

gebung (Prdsentation) der Pfrdnden 391199 811199333393191119131-
119199 1119131911 99 9919199.

1119 11191919 1139119913119 39199 991 20. 13999119391193399, =
19 die Berathung dieses (19391999199113 91911 9199939199, 1919191911
133 1139111919 111339931911919911913999919199 werde.

Die Commission der 91191199 1131111991 9111311931913399 991-
39119199 39399 199 (19391999191111 991 191119111319 133 Prineip 193

 

