firm-..-

99919999999999119999 999 ,9199 9999919 99919999, 99999999 41919

91199999 9199999999 999 99199399999991999999319999999999 99919,
99911919 99999999, 999 999, 9999991 9999999999999 19999999 19991
803111,111113311393331111133111331391133111193111911111111111191199311311911
ῐ1999199 1919911999 99199999 999 99991999 999999 1999999199 1919999991

999991. ,199999 99999 99999999 1999999, 99999 999139999113199991919
(133993333339919,33999191,·191999991199199 (1901999199911113919991191393
9331999139, 3933 333, SWWW ,31399 13193 119191999911117919 11911111
93111113 3 99 33939 199919 9999999 111 11911999 1119991911 11919 19199119 9199
991. ,139 ,3993339919999999 1919991999 91111991919119 1199191191991991991
9339399999 ,339 (91991999 999 999999991999991119999999999
3111119111311191111111111391111111111111111113311113313111113111311
9399391 ,111911 99199911 1199 ,1919 WW 99119- ,31199 919 1191991919919999991
¹9¹ 999919 999 999919999999199 9919199999919199199999199199199
993391999999999 91999119999999991999119999999199919919 91999
1193133 33333133 ,1939 BWW'WW ,99 99¹9 9919 9999999991

(133 Β31ε1339 (139, 1991999139999991991, ,99 11919, 919199 191 9999199911
di9 (999119331933319, Β39919199911Η11311 1399111191 ssSWWWWW 1919199
in 9999999 W 99999999τ, 9199 1919999 9199 1911 ,999 911, 1119911111 ,191191 1911
99111999 ,119199191919199919199 9999919991199999991 9999999( 999991
un9 1333 (133 ,3939993 1333931991. 39993, VW 99111 1199199911 991999 1191191
9993113,(139313399391,993939339131199919191911119199999199999119991
ΑΒ (99393311, 19139, der Abg 9 ,Β39393933 33931, 993111919119Τ199111119991
Η9991999( 93339 ’(139 1191999933( 3999199119 19 91991 ,90991999 1171919991
91393133, 3999393399919991119991,9119991311991931991199113999199991919
11393 ich 999 339933 33913, ¹¹9 1399333 ,11991993 93991 939 ,1911991991 119 991319 ,
ohen¹deiW1sqb9lhgung 31319999,9911919119999191991991999119999Βὲ99
9993939933] Bei uns 3999 wird 931939, 999199 WW 1199919911 1919 9111999919
999 999 (199999999199191 999999 (19991999991991911999999 919119 99999911
pa99iven 3919991393 19131 911 99911319 399 133333 919193 9191] 1119199911(
di9 399911 3319919319 399399- 3999, 991111 ,999-9191991999 11999 9199919999,
1993111993 91993113993993 ,99199 193,99,991,99,9999,999191919(3919989119
993 39919399) 1913399913 999993191991919999991199111111919919,9199
darf ioh 393119991111999 13999399393913911, 3319391 1911199911 119991 (11919399
(199193 91999 ,9311133933139999 1199 3991999199191119199113911919111193
9193339 1199939113 9339931399 99139,119193331333193,993919.119199311
WWWn 919103 91991, 31391999 (11199 3139119 99911. 301Β919191θ11193 WWZWW
9911991, (999 319 39919, 391999 9919991999 999 (19991 1939991991911191119(
91(3931391Ι..99911993’99 1711199917173139919119113999991
191199-91119939919133339991999. 31119,- 9999119111, 9711119999
1993939 die 1919939 913999313991333,9139939399999199911991919199
(193999139999393 (139133393191993.ἰ 8931 1919111199 91199911119990911999

 

