5
5558 555555555555555555555555555555 555555555555 ...Β

,ΒΒΒΒΒΒ 5555 555555555 55555555 555555555555 5555055555
555515555555555551555555555555555555 5555555555 55555555555555'5
-5555555555555555515555 555555555555555555555 55555'55555·
55555505555555555555 555555555555 5555 55555555‘55 5555 5
(5555 5555 55055555555555 555555555555555 5555555 5555555555555
555555 Q5Q555155555555 5555 5555555 555555555555555555555·
555555555555555555
55 55555555555 5555555 555⁵ 55'55555 ,Β 5555, Q 5555555'5 5555
-5555555555555555555 Β 55555515555555555555555 5555 ,ΒΒΒΒ
555555555555555555550555 ΒΒΒ, Β,,ΒΒΒ ΒΒΒΒΒΒῗΒΒΒ, 1'5dQ 555505555551
5555555'5555 5555 50555155555 5055555555 ἭΕΒΒΒΠΜᾚΒΜἫΒΓ
5555 Β ΒΒΒΒΒΒΒΒΒ 55555 555 5555555555 555 550 55555555
5555555 5555555555555 555 55555555 ΒΒΒ, 555555 55555555551
5555555555 555555 5555 55555555555 5555555 5555
555555555115555555555555 5515555555 5555555555. 559555
555555555 5555 ΒΒΒΒΒΒΒΒΒ 33ΒΒΒΒ ΒΒΒΒΒΒ 555: ΒΒΒΒΒΒΒ 151555 5555555555555
-·555 55555555 55555555555555555555555 Μ. 55551555'555 55555555
ΒΒΒΒΒΒΒΒΒΒ,ΒΒΒΒΒΒΒΒΒΒΒΒΒΒΒ, 555555 5555555 55555555
555555 5555555555 Β, Q ‹15555555555555555555555555
555555155555555555555555 555555 555555555555555555055555555
5515555515558555 55555555 5555555555055555555 555¹ 55555
5555 555155555555555555 ΒΒΒΒ 555555115555555· 555555
55555555555555555 5555555555555555555551555 555555555555555
5555555515555555555555555555155555 555555555555 Q 5551
55155555555 555 5555 55555555 55555555555555 ΒΒΒΒΒΒΒΒΒ ΒΒΒΒΒΒΒΒΒΒ
555555555155555555555355555555555 QQQQQ 5555 155
55550555555555 555555 55555555555555 55555555155 5555
5555 5555555515555 5555 5555 5555555555155555 5555
555555555555555555 55555 555 555555555‘555 5555555555
55555555555555 5555 5555 5555 5555 ΒΒίΒΒΒΒΒΒΒ, 555555555
555555555555 55555 5555555555555. 555 5155555555 5555555555555 Β
5555555555515555555555 5555555 ,ΒΒΒ 555 ΒΒΒΒ, 55555555
ΒΒΒΒΒ 55555550555 555555· 5555 55· 155 ΒΒΒΒΒ Β. ΒΒΒΒΒΒΒΒΒΒ,
55555555555555555 Β Q 55555555 555 5555 555555115555
ΒΒΒΒΒΒΒΒΒΒΒΒΒΒΒΒΒΒ 5555555555 55555555 555505555555
55555555555 55555555 5555 ΒΒΒΒΒΒΒ... 55555555555555555505 5555
55555555555 5555. 5555 5555 55 ΒΒΒΒΒΒΒ 5555 5555555555
5555555555 5555555555 5555 ,ΒΒΒΒΒΒ ³555 5551555 5555 555

 

