0111. v.·e.-·H.19. Mai 1880.- Vermina-stamar 1. 11111111111111111111. 265

Weimee 11 111 Ρ11111111111111111 111 11111111111111111111111 111
0111111111111111 Weime ausqeeproeheu 111111, 111 emmelim 11111
emendet 1111111111

111111111111111111 mit der 1111111111111 1111111111111
111111. 111111111111111111 1111111111111, dees, 11 1111111 Er·
111111111111111111111111, dass im 011111- 111111111111111111
1111111111111111 1111111111 111 11111111 111111111111111 11111111
11111 1111111 11111 bestimmten 11111111111111 1111111111111·
1111111 1111 11111111111111117111111111 11111111 11111111, 111111
11111 dem 11111111111111111111111 1111111111 1111111 1111111111
111 111111111111 11111 11111111 111, 111111 111 111 1111 111111111-
1111111111111111 1111111111 1111111111 1111, 11111111111111111111,
1111111111] (1111111, 111111111, 111 111111111111 111011111-111
111111111111111 111 11111111111111111111111111111111111 11111-
1111111111111 111 vom 1111111111111 11 dem §. 1. Z. 1 eund Z. 2.
111 (11111111 vom 111111 187711.-1.-Β1111.60. 1111111111 11-
1111111 femor 1111 11111111111111111 1111 111111111111111111111
11 111111111111111111 1111111111, 111 111 111111111111111 111-
1111111 111 Kese 111 111 1111 11111111111111 111111111111, 111111
1111111111111111 111 Weinee en 111 1111111111111111111111111111,
1111 1. 1111. 1111 1111111111111111111111111111 1111118211 111
8111111111111111111111 111 Weines 1111111111

11111111111111 1111111111 111 (111111111111111 dieser 1111

1111111111, weil 111011111- 111 11111111111111111 Haupteufgebe ¹

1111111111111111111111111111 111 11111111 11111111, 111 ge·
1111111111111 11111111 111 111 Mitte 11111111111111111111111
111, 111 (111111 111111 1111111111 111111111111111111111111111111, ·
11111 1111111111111 111011111111111 11111 111 1111111111111111111
1111111111 111. Der Wein werde 1111111111111 111 111111111111111
1111111111 111 1111111111 gleichsam 1111 Κο1111 11 11111111 Quen·
11111111111111111, ee kenne 111111 111111 111 Weineussehank im
Sinne 111 (11111111 11111 11111111 werden.

Neeh §. 1. Z. 1. 111 11111111111111111161111187711111-
111111 111111111111111111111 11111111111111111118111111111111 111
111111111111111111111111111111 111111111 111111, welche ven
1111111111, 111111111111111, 8111111111111, 1111111111 111 1111111111

111 Ρ1111111 11111111111111111, die die 111111111111111111111111 .

111 rehem 11111111111111111111111111 1111111111111 1111111111. Neeh
1111112. 1111111111Ρ1111111111 ist der 111111111111 11111111
Ζ. 1. 111. 1 11111111111 Ρ1111111 enter 111 11 diesem 1111111 111-
1111111Β1111111111 1111111111111111111111111. “

 

