· ’ 555, ἢ 3
1111 lamam ,15515155ν11151551ν55115115 ,1155151111 155515. ’

15151151151ι51ι515511555151555,5555·1511,111551511551555151115111
55511, 551,,1551555155555151155111,,11,5511511 ,1155511555

wird nun die Trennung verlangt 1515151 auf &mmmm 5151111555 ’

, 55555155555115155151555 551555515111111511 5115515511 durch

5115151155155515151551511555111,15555555 mmmm
515555515551551 15515555 5111551115151155155511
{mmmmm 11155,11551515,111515515155,,5111555151

5555115155555515155111515111155111515,511551 5115115515 1555515 '

515551555555111511555555511551,,55511511151111515151555
51555551551555515115515515555115111551555551111115155
1155115155 511551111555111511555551155,51515155 1111155155 5111111111
511 5511555555555,,1515151555 5551555551 ,151 51511
1511551155, 1515115155 15 5551551115 555 5511155115 ,1151515515
51511111555515555 11111511511155551151555, ,111111 151511, 55
1511515551 11555111 ,11 551, ,,,5541,-1 51155555155515

· 1511155111 5111515111 1111· 55155555, 51555, 1555, 5555. 1151515551τρ1

’ 511555515511555511555 5551111511515515515,15551555515151115
mung der 0555555 1111113 werden und 11581551551555515851511115515

15115155555115111511, ,55111151 111555515111111111515551 die

5511555511,,155511515115115155511555, 5155515515 51551 1551515151 1γ

51111111 1555115511 51 111 ,111551 ,151 (1515551 1511515155115
dm 51515111155115155. Somnum-minen ,555515551551511151111515
1151111515155115155151,155511515551515555515111115555155111111111
551515151551151. ,55155151515515555151,,551511511155515151155

15115555151551551155, <Sc 1115115515151,5511,15 1515511151, ,1115 555 ,
mmmmm 11555555 515555 1555551555, 5515551 ,1155 j

15511551515515115515555 555 151 55111151 (55, 511, 51111551)
1515 1111155155 1151115515551115111551115151551555555511511511851155
11151115511555551555155 5115 155, 1551555515 551, 151, 1111515111
555515511155115515555115555,15151511515151515
’ 5555551115,,·,555,,515555555151515555555115 511515515151515151515
5151155115111151555151111515151115155155115.5151151551θὲ
mmmmm 811115, 555151151555511, 11555,5555555555511515
mmmm 551155115115151551151115155 (1155555511151
Rlolw &tat ,11111511551111115515111115511115115111 1515151551111151111111
lstfflgffl θΜΦΪὶῙέῗΕ 1, 9911 1115551511110111115111115111 [mmmm
111511151551155115111515555155515155,15115555555151151551151
51515115555151115515555511551551111555,,·151515, 5515555511
(111551315155111155115151115 1111555551. mumma& 1115511155
551555155515,5515555555,-,1555;511551555, mmmmm

113

mmmmm& 15115511515515511551551111515555115151· ’
· ,11 ,5, 1. mihi ’,11 5111. ,1.

 

