116 1616611636 8688 mmmmm

666 26 666 22. 16666616616666 866· 98666666661166666 666 ’

8666666666 666 8666666666 6666666666 666 88 11166661666666 vom

1616666661881 6666 1336666666 666666 666 1166666666 666
. 6666666666

1 96616063691616166 js 666-8666111616 166 8666166616·
66661666 66 166 1166116661 66· 1161361131 der 66136616ςῑ·

1. 6666666666 4666666 6666 666 666 6666 666 (6116666666
6666666666 16666666

’411 166Ἰ 8661166666 1666 6116 1081, 047 866166 66661818
813 Ρ66666 661 1009 1111 6361611656. 161663 (161 ,161166 1881
16111661991Ρ16666,828116361611166663666 6666161661 93 1166·
roien mi6 49, 765 866166, halb verwaist 173 Pfarreien mit 514 754
’ 86616616 16 916666 11166666- (66 Ant 66) mit 650900 Scolon
826, 9166666661 664 8111636166 lichen, 161166 111 2161666661 110
811836691663666 6666166 666 17 Ρ1666166 6116 12 218 866166
661 1116666616 94 81666161 mit 225 642 866166 16161 9166666
116666666611611721900866166, 461· Partem 666 666 1111163666
116666161163112916666661 76 Hilf spnester 3366 wemalet 61161
45 66666 ’66 66, 666 6616 66 66 66666 66 666666 mit
151, 903 8616166616. 161 9166616 '7866 1611- 883, 009 8866, 131 8164
6061061182111163011616116666 6666 197 1161666 1166 1881163616
1166163666 6666161661 153 1516166166 66 139, 024 816166 66166111
6616616180 Ρ66666 6111111300 866166. 1616 9116666 11616663
6666 ‚mit 91, 878 866166, 166 Pf 616666 666 66 81116366116166661166
’25 9161161661 3 1111 6366611610, 3666 66161191 sind 19‘- 968666
1616 10, 815 866186, 6611)· 6616616 2311666166 m'it' 18, 539 866166
16 166 9166616 0666666666 mit 6166 ,000 866166, 98866616 666
138 11136366 1116166 161166 27 916661 63121 1111836661161661616
66166969611οΡ166616616118654866161 16 der 916666 16666·
mit 145, 000 866166, 86 Psarrorn und 5681163661161661611161 14
9161166 661 481116361661161ῐος ganz 6666116661 1211666166 mi6 ¹,
12, 002 866161 5616 verwais‘t 4 91666166· mi6 8335 866166 16 der g
9166666 16666663 mit 300, 000 866166,160 116666 :6116 79 11116·
3666116166 16516632 Pfarrer 6615 8116366166· 3166, 6666166-

sind 17 Pfarreien mit 18364 866166,1616661666661526116166611
Amhimnzxirchm 656166 ·’ 24

 

