241 0881 1888888811. 1879.- Permuiirunq 8888 Stilionem.

8181 1181181888 demOrdinariaie milgelheili worden, 88881811 818
dem 08118881818 8888818188 81811 18 8881181881 888881888 1888188
881 18188 8888818888118 81811 81818888 8181.Ὶ

(1181811818 88188818181 8811181 181 118 88888 118 1881181181811
188 188881188888881811818188 in der 11811888 881818881188881888,
1888, weil 18 (1881881811 188 8. 47. 188 8181118188 (18881888 vom
7; 11811874 1188 Zweifel 118818111181 1881188111818811818881888
81111888 18 1818188 1881888188 08118881818188 88 881881881188 1818,
8188 (188181 181881811888 81888 Ali 1881881888 1188888888 18 8181
88118888 881 888 diesem Grande (188 881888811888 18881 188 Ver·
88118888888181181818181 88181818. 11888 118 118888 1888818888 81888
18188181888 18 1818188 1881888 88 8181118181881888118 888881118888
zum Vergehen nach ireiem 1188888888 8181188188 18 81818811188881,
181881181888 88118888 1881118888. 11188 1188 188 Feli, 88 881888
188188 8881888 18888118888888181181818 88188111888 11818188181-1181-
881811888.

1818188881 188 Meritum der 88818, 88 1811881 188 811118888-
11888881118888818818 18818811188188 888 8181818181818, 11888188
1118. 1. 8881888188 1774, 188 cardinal 18811888111881888 111818181-
81818 im 181881634 118 20 geisiliche Persenen des 081888 188
18888888 8818188 8888881811 18881811 1818811818 Collegium und
Ρ88181888888111181, 18 88181888 118 888 8818888888888 jungen
1118888888111888 081888888818 8888111881 888 1818111888 Beruis- ἵ
881811 11118 gemacht, 88818181 8188188188888881888188188881118 3
(1888181188 des 881888 (1188188118888, 8881 88118881881188 811188
88181 dem 118188818118188 Lesen, Sehreiben 881 11881888, 1888 188 1
lateinisches Spreehe 18188188811 888188 sollen. Demnach kann 8888
188 [1818881811 188 188881 (18881 die Novizen 81811, 818 188 Be-
88188818111888 88888181, 1188 818 8188 Medd 8888 Ζ888818, demit
18881 diesen Unlerrishi die jingeren Ordensglieder 8181118 ihren
Beruf 1888888111188 (1188881811 18188, 8818818881 8881888 188
stillet 18118 818188818 81888 (1888881188 Ζ88881188 Auge, 88881181 118
(18181888 eines 8811881888 881 Ρ8818188888 118 11881888 188 Ρ18818188-
881888 881 88818181 118 (18181888 81888· 8818818 18 diesem Collegium ¹
118118188888881888181888811188188881, 818 1888 8881 11818181- j
1181 ,18 dieser 881818 118 88111818· 188881 8881818811881 188 Um·
gebung 88 dem 1181888181181181188188. 1118888 1811888888 81811
188 [18881881 8181188188888,188818118 18888188 8881888181 im Zu-
888888818888 818188 881 8181 88881881881118 881888111888.

111818 8188 11888 881818181 8188 1881181188818881818881888

demissam, 8818888181181881811888 818188188 11818881811888818118

 

-· ι ιιι-ιιι ....,-- Α

